%YAML:1.0
---
sign_detector: !!opencv-object-detector-hog
   winSize: [ 64, 64 ]
   blockSize: [ 16, 16 ]
   blockStride: [ 8, 8 ]
   cellSize: [ 8, 8 ]
   nbins: 9
   derivAperture: 1
   winSigma: 4.
   histogramNormType: 0
   L2HysThreshold: 2.0000000000000001e-01
   gammaCorrection: 1
   nlevels: 64
   signedGradient: 0
   SVMDetector: [ 2.81705465e-02, -1.25528695e-02, 1.67716164e-02,
       -6.60203248e-02, 6.97094053e-02, -3.28674704e-01, -6.93656653e-02,
       -1.43314555e-01, 1.28017530e-01, 3.61665450e-02, -2.43460909e-01,
       -4.84478176e-02, -5.23245856e-02, -1.97080635e-02,
       -3.11747491e-01, -8.22699592e-02, -2.30651088e-02,
       -1.25275850e-02, -9.54441428e-02, 3.48762237e-02, 1.76556818e-02,
       -1.87978745e-01, 7.80797675e-02, -3.31288397e-01, -2.32957993e-02,
       -1.81891799e-01, 1.10912651e-01, -3.05192489e-02, -5.08814007e-02,
       5.35004288e-02, -1.11384451e-01, 8.99349824e-02, 4.51929159e-02,
       -3.79685201e-02, 6.78461567e-02, -2.94381771e-02, 6.01084195e-02,
       -7.52202123e-02, 1.50966734e-01, -1.60378128e-01, 8.37370455e-02,
       -1.85126081e-01, 2.07173944e-01, 9.93403140e-04, 2.41222885e-02,
       -7.04106037e-03, -1.15790464e-01, -3.34298275e-02,
       -1.34740874e-01, 2.04166859e-01, -1.47060886e-01, 3.51381451e-02,
       -5.99703118e-02, 6.46998361e-02, 1.04273647e-01, -7.78446570e-02,
       1.85517088e-01, -1.69111162e-01, -8.15814957e-02, 7.90017769e-02,
       2.41709277e-02, -2.76533514e-02, 6.58679754e-02, -1.80659574e-02,
       1.84011519e-01, 7.79496729e-02, -3.36148590e-02, -1.90830976e-02,
       1.45365283e-01, 6.38662726e-02, -7.54843000e-04, -1.71536878e-01,
       8.58953893e-02, -1.39601499e-01, -2.31026277e-01, -1.07552007e-01,
       1.23071067e-01, -2.55282223e-01, -7.07101077e-02, -9.57598612e-02,
       8.12500343e-02, 2.53404342e-02, -7.72578269e-02, 3.13018146e-03,
       -2.47372031e-01, 1.13994911e-01, -2.18033060e-01, -7.70503730e-02,
       -2.51884520e-01, -7.21666589e-02, 1.03680836e-02, -1.33054987e-01,
       -6.91760108e-02, -1.46900630e-02, -2.53156126e-01,
       -1.00330964e-01, 5.45919314e-02, -7.60557204e-02, -4.52514142e-02,
       -8.53872895e-02, -2.51516066e-02, -2.41812002e-02, 9.68488306e-03,
       -8.50678235e-02, 1.37706906e-01, -3.49906981e-02, -2.77845636e-02,
       -2.65287329e-02, -1.04198702e-01, -2.09853545e-01, 5.05002514e-02,
       -2.30479598e-01, 3.67637277e-02, -1.59304142e-01, 4.70338576e-02,
       -9.45425555e-02, 2.34483462e-02, 4.47184369e-02, -9.40425023e-02,
       -1.85342655e-02, -3.37486446e-01, -6.51167519e-03,
       -1.03731140e-01, -4.32721823e-02, -2.35866055e-01, 4.91735525e-03,
       -6.65863082e-02, -1.57683030e-01, -1.15923099e-01,
       -5.79836853e-02, -3.28683527e-03, -1.31509453e-01,
       -6.97646514e-02, 4.67417849e-04, 8.66455678e-03, -1.12536242e-02,
       -3.56595591e-02, -2.05427445e-02, -1.14952195e-02,
       -1.28247604e-01, -2.77115777e-03, -3.64935920e-02,
       -1.03226975e-02, 3.89485471e-02, -2.35533025e-02, -1.07146828e-02,
       -9.35565755e-02, -1.84494779e-01, 1.45475075e-01, -8.45428780e-02,
       4.90872338e-02, -2.61243641e-01, 2.23223716e-02, 8.75945017e-02,
       -6.22470230e-02, -1.07598662e-01, -1.88684851e-01, 7.49915615e-02,
       2.98728235e-02, 1.98216707e-01, -1.68598056e-01, -1.13501638e-01,
       1.23156598e-02, -1.24006964e-01, -1.82405524e-02, -4.73761335e-02,
       7.25427717e-02, -9.69531238e-02, -9.35838372e-02, -1.51583608e-02,
       1.34800524e-01, 1.30893901e-01, -4.73187976e-02, 1.41219959e-01,
       5.70205450e-02, 9.15109441e-02, 5.39393313e-02, 1.49898941e-03,
       1.15464136e-01, 5.55653423e-02, 1.22413754e-01, 1.52629346e-01,
       3.34130088e-03, 4.51929942e-02, -3.25620621e-02, 1.26471475e-01,
       -1.90296508e-02, 2.06197775e-03, -4.39396724e-02, -2.02948470e-02,
       3.10950782e-02, -1.16042355e-02, -2.77626067e-01, 5.67956977e-02,
       2.13146862e-02, 1.56363428e-01, 6.28839061e-02, -1.28180802e-01,
       2.56902337e-01, 5.09393401e-02, 1.26354605e-01, 1.17215969e-01,
       4.86056320e-02, 4.82693389e-02, 6.84354752e-02, 8.44922066e-02,
       1.11817807e-01, -5.46594262e-02, 4.24503982e-02, 5.01521453e-02,
       1.15670040e-02, 1.70372829e-01, 6.07409775e-02, 4.30971473e-01,
       4.46605310e-02, -2.34951805e-02, 5.26077375e-02, -4.43394408e-02,
       -6.32639043e-03, -2.16408134e-01, 8.47363025e-02, -1.27000660e-01,
       -1.91272795e-02, -1.99585468e-01, -1.02106892e-02, 6.92146719e-02,
       -2.33138248e-01, -1.78814024e-01, -5.38484931e-01,
       -1.56866267e-01, -1.66569680e-01, 1.08800434e-01, -3.25524211e-01,
       -4.98577245e-02, -3.32264416e-02, -1.08074090e-02,
       -9.18192491e-02, 4.10502143e-02, 1.20394036e-01, -1.95442736e-01,
       -1.34040520e-01, -6.02857471e-02, 1.29969925e-01, 1.51937932e-01,
       -1.56931207e-01, -3.25036086e-02, -9.56852734e-02, 8.91343430e-02,
       -7.15828175e-03, -2.43825056e-02, -9.89170820e-02,
       -9.58596915e-03, -8.62132981e-02, -6.31094910e-03, 6.66769817e-02,
       -2.96438728e-02, -7.92279933e-03, -8.96806419e-02, 5.92889674e-02,
       -1.01965792e-01, -1.42649949e-01, -4.83600497e-02,
       -2.74546266e-01, -2.20077690e-02, -6.92936108e-02,
       -9.53223631e-02, -1.89346731e-01, -2.95977201e-02, 1.38679836e-02,
       -2.94664176e-03, -1.17762694e-02, -6.56631775e-03,
       -3.63491364e-02, 8.77721310e-02, -1.16960041e-01, -2.54623890e-01,
       -8.32907334e-02, 1.22727521e-01, -9.06882361e-02, 1.74425960e-01,
       1.66919336e-01, 7.35760480e-02, -4.74382155e-02, 2.21612617e-01,
       -6.86450163e-03, 4.05461416e-02, 1.37123808e-01, 1.06531866e-01,
       -1.11638017e-01, -1.71127051e-01, 3.39056924e-02, -5.69511019e-03,
       -1.91682223e-02, 5.80791049e-02, 7.98917860e-02, -2.61796117e-02,
       6.27767593e-02, -9.95125994e-02, -1.86317608e-01, -1.81471440e-03,
       3.46500687e-02, -1.01864681e-01, 4.21482809e-02, -5.54014137e-03,
       -9.03647467e-02, -4.08141129e-02, 2.72777136e-02, -6.26403242e-02,
       7.58496448e-02, 1.42954931e-01, -5.53707927e-02, -6.61209896e-02,
       6.87738433e-02, 2.08074171e-02, 7.57563189e-02, 1.32418141e-01,
       1.45023242e-02, 1.80000693e-01, 4.41249162e-02, 2.20794484e-01,
       6.15120307e-02, -5.79142161e-02, 1.05304539e-01, 2.12528214e-01,
       1.16454829e-02, -1.41066432e-01, 1.99332237e-02, -7.16130584e-02,
       -1.37856573e-01, -2.66230723e-04, -1.06283091e-03,
       -1.63831055e-01, -1.97802298e-02, 6.31998256e-02, 4.36946331e-03,
       4.67993282e-02, -3.94479707e-02, 3.68125848e-02, -7.32579678e-02,
       -1.22401705e-02, -1.92666352e-01, -9.13773999e-02,
       -6.59723440e-03, 9.34148789e-04, 2.48008166e-02, -2.82739043e-01,
       -1.29424423e-01, -2.64243763e-02, -8.09081644e-03,
       -9.54656154e-02, -4.30426374e-02, -6.86546415e-02, 6.29432946e-02,
       -2.03356594e-02, 2.84332111e-02, 1.00915030e-01, 7.48354122e-02,
       -1.07194344e-02, 3.09859272e-02, 1.59137860e-01, 7.97654092e-02,
       7.02062100e-02, 3.42124850e-02, -9.16675478e-02, 2.92447973e-02,
       -1.08772673e-01, -2.05953121e-02, -1.33213460e-01,
       -9.73995924e-02, -1.27443179e-01, -1.93742160e-02, 1.43524529e-02,
       6.10508695e-02, 1.28763039e-02, -1.77681804e-01, -2.92890575e-02,
       -5.84274195e-02, -6.95825070e-02, -8.53849649e-02, 4.74516936e-02,
       -4.82555628e-02, -6.59573525e-02, -1.88528728e-02,
       -3.41745853e-01, -6.85643703e-02, 1.69995036e-02, -9.37038511e-02,
       -8.52598175e-02, -1.51510179e-01, 1.36762246e-01, -6.63159639e-02,
       -3.85204982e-03, 5.45645785e-03, -2.30717119e-02, -4.27360795e-02,
       7.17196167e-02, -1.60389282e-02, -2.85386983e-02, -3.84707153e-02,
       -7.34760016e-02, 1.15176011e-03, -1.38364732e-01, 5.36234817e-03,
       3.77220362e-02, 1.97882652e-02, -3.00510265e-02, 6.61444217e-02,
       -1.74267158e-01, 1.27284706e-03, 5.24800606e-02, -2.27004230e-01,
       -8.54828432e-02, -7.15040639e-02, 2.05535609e-02, -1.23872466e-01,
